
========================================
Độ khó mới: 52
--- Câu đố ---
0 0 0 | 0 0 4 | 5 0 6
0 0 0 | 5 3 0 | 7 0 0
4 0 0 | 0 6 0 | 0 1 0
---------------------
0 0 6 | 0 0 5 | 1 3 2
0 0 0 | 0 8 2 | 0 0 0
5 2 0 | 6 0 0 | 0 0 7
---------------------
0 9 3 | 0 0 8 | 0 0 0
0 0 7 | 0 4 0 | 9 0 0
8 0 4 | 9 0 0 | 0 0 0
---------------------

--- Lời giải ---
1 3 2 | 8 7 4 | 5 9 6
9 6 8 | 5 3 1 | 7 2 4
4 7 5 | 2 6 9 | 3 1 8
---------------------
7 8 6 | 4 9 5 | 1 3 2
3 4 1 | 7 8 2 | 6 5 9
5 2 9 | 6 1 3 | 8 4 7
---------------------
6 9 3 | 1 2 8 | 4 7 5
2 5 7 | 3 4 6 | 9 8 1
8 1 4 | 9 5 7 | 2 6 3
---------------------
Giải trong 0.000627 giây
========================================

========================================
Độ khó mới: 51
--- Câu đố ---
6 0 0 | 2 0 0 | 4 9 3
0 0 5 | 0 4 0 | 0 0 0
0 0 0 | 0 0 8 | 5 0 0
---------------------
0 6 0 | 0 9 0 | 1 5 4
0 1 0 | 0 0 4 | 2 7 0
0 0 4 | 0 0 0 | 0 0 0
---------------------
0 0 0 | 5 0 0 | 7 0 2
4 9 1 | 0 2 7 | 0 0 0
7 0 2 | 0 0 0 | 0 3 0
---------------------

--- Lời giải ---
6 7 8 | 2 5 1 | 4 9 3
9 2 5 | 7 4 3 | 8 1 6
1 4 3 | 9 6 8 | 5 2 7
---------------------
3 6 7 | 8 9 2 | 1 5 4
5 1 9 | 6 3 4 | 2 7 8
2 8 4 | 1 7 5 | 3 6 9
---------------------
8 3 6 | 5 1 9 | 7 4 2
4 9 1 | 3 2 7 | 6 8 5
7 5 2 | 4 8 6 | 9 3 1
---------------------
Giải trong 0.029618 giây
========================================

========================================
Độ khó mới: 59
--- Câu đố ---
0 0 0 | 8 0 0 | 1 0 0
0 1 0 | 0 0 0 | 9 4 2
0 0 0 | 0 1 0 | 0 0 5
---------------------
0 0 0 | 3 0 6 | 0 5 0
3 4 0 | 7 5 0 | 0 0 6
0 0 0 | 0 0 0 | 2 0 0
---------------------
0 7 6 | 4 0 0 | 0 0 0
4 0 0 | 0 7 8 | 0 9 0
0 5 0 | 0 0 0 | 0 2 0
---------------------

--- Lời giải ---
2 9 3 | 8 4 5 | 1 6 7
5 1 8 | 6 3 7 | 9 4 2
7 6 4 | 2 1 9 | 3 8 5
---------------------
1 2 7 | 3 8 6 | 4 5 9
3 4 9 | 7 5 2 | 8 1 6
6 8 5 | 1 9 4 | 2 7 3
---------------------
9 7 6 | 4 2 1 | 5 3 8
4 3 2 | 5 7 8 | 6 9 1
8 5 1 | 9 6 3 | 7 2 4
---------------------
Giải trong 0.123825 giây
========================================

========================================
Độ khó mới: 44
--- Câu đố ---
9 4 8 | 7 3 1 | 6 2 5
7 1 2 | 6 4 5 | 3 8 9
3 5 6 | 2 8 9 | 7 1 4
---------------------
5 8 7 | 1 6 2 | 4 9 3
6 9 1 | 4 5 3 | 2 7 8
2 3 4 | 8 9 7 | 1 5 6
---------------------
4 2 3 | 9 1 8 | 5 6 7
1 6 9 | 5 7 4 | 8 3 2
8 7 5 | 3 2 6 | 9 4 1
---------------------

--- Lời giải ---
9 4 8 | 7 3 1 | 6 2 5
7 1 2 | 6 4 5 | 3 8 9
3 5 6 | 2 8 9 | 7 1 4
---------------------
5 8 7 | 1 6 2 | 4 9 3
6 9 1 | 4 5 3 | 2 7 8
2 3 4 | 8 9 7 | 1 5 6
---------------------
4 2 3 | 9 1 8 | 5 6 7
1 6 9 | 5 7 4 | 8 3 2
8 7 5 | 3 2 6 | 9 4 1
---------------------
Giải trong 0.000011 giây
========================================

========================================
Độ khó mới: 40
--- Câu đố ---
7 4 3 | 6 2 8 | 1 9 5
9 2 6 | 3 5 1 | 4 8 7
5 8 1 | 4 7 9 | 3 6 2
---------------------
4 9 5 | 2 8 6 | 7 3 1
8 1 2 | 5 3 7 | 6 4 9
6 3 7 | 9 1 4 | 2 5 8
---------------------
2 7 4 | 8 9 3 | 5 1 6
1 6 8 | 7 4 5 | 9 2 3
3 5 9 | 1 6 2 | 8 7 4
---------------------

--- Lời giải ---
7 4 3 | 6 2 8 | 1 9 5
9 2 6 | 3 5 1 | 4 8 7
5 8 1 | 4 7 9 | 3 6 2
---------------------
4 9 5 | 2 8 6 | 7 3 1
8 1 2 | 5 3 7 | 6 4 9
6 3 7 | 9 1 4 | 2 5 8
---------------------
2 7 4 | 8 9 3 | 5 1 6
1 6 8 | 7 4 5 | 9 2 3
3 5 9 | 1 6 2 | 8 7 4
---------------------
Giải trong 0.000011 giây
========================================

========================================
Độ khó mới: 40
--- Câu đố ---
1 3 4 | 5 9 2 | 7 6 8
2 7 5 | 8 1 6 | 9 3 4
8 9 6 | 3 7 4 | 2 5 1
---------------------
4 8 1 | 2 5 7 | 3 9 6
6 5 9 | 1 3 8 | 4 2 7
7 2 3 | 4 6 9 | 8 1 5
---------------------
9 4 7 | 6 2 1 | 5 8 3
3 6 2 | 7 8 5 | 1 4 9
5 1 8 | 9 4 3 | 6 7 2
---------------------

--- Lời giải ---
1 3 4 | 5 9 2 | 7 6 8
2 7 5 | 8 1 6 | 9 3 4
8 9 6 | 3 7 4 | 2 5 1
---------------------
4 8 1 | 2 5 7 | 3 9 6
6 5 9 | 1 3 8 | 4 2 7
7 2 3 | 4 6 9 | 8 1 5
---------------------
9 4 7 | 6 2 1 | 5 8 3
3 6 2 | 7 8 5 | 1 4 9
5 1 8 | 9 4 3 | 6 7 2
---------------------
Giải trong 0.000010 giây
========================================

========================================
Độ khó mới: 60
--- Câu đố ---
4 5 6 | 9 8 7 | 1 3 2
2 8 3 | 5 6 1 | 9 4 7
9 1 7 | 4 3 2 | 5 8 6
---------------------
8 9 2 | 1 4 6 | 7 5 3
5 6 1 | 2 7 3 | 8 9 4
7 3 4 | 8 5 9 | 6 2 1
---------------------
6 7 8 | 3 2 5 | 4 1 9
3 4 9 | 7 1 8 | 2 6 5
1 2 5 | 6 9 4 | 3 7 8
---------------------

--- Lời giải ---
4 5 6 | 9 8 7 | 1 3 2
2 8 3 | 5 6 1 | 9 4 7
9 1 7 | 4 3 2 | 5 8 6
---------------------
8 9 2 | 1 4 6 | 7 5 3
5 6 1 | 2 7 3 | 8 9 4
7 3 4 | 8 5 9 | 6 2 1
---------------------
6 7 8 | 3 2 5 | 4 1 9
3 4 9 | 7 1 8 | 2 6 5
1 2 5 | 6 9 4 | 3 7 8
---------------------
Giải trong 0.000011 giây
========================================

========================================
Độ khó mới: 60
--- Câu đố ---
3 4 8 | 7 6 5 | 1 2 9
9 1 5 | 8 4 2 | 6 7 3
7 2 6 | 3 1 9 | 8 5 4
---------------------
2 7 9 | 1 8 6 | 4 3 5
1 8 3 | 2 5 4 | 9 6 7
5 6 4 | 9 3 7 | 2 1 8
---------------------
4 3 1 | 6 7 8 | 5 9 2
6 5 2 | 4 9 3 | 7 8 1
8 9 7 | 5 2 1 | 3 4 6
---------------------

--- Lời giải ---
3 4 8 | 7 6 5 | 1 2 9
9 1 5 | 8 4 2 | 6 7 3
7 2 6 | 3 1 9 | 8 5 4
---------------------
2 7 9 | 1 8 6 | 4 3 5
1 8 3 | 2 5 4 | 9 6 7
5 6 4 | 9 3 7 | 2 1 8
---------------------
4 3 1 | 6 7 8 | 5 9 2
6 5 2 | 4 9 3 | 7 8 1
8 9 7 | 5 2 1 | 3 4 6
---------------------
Giải trong 0.000006 giây
========================================

========================================
Độ khó mới: 60
--- Câu đố ---
7 3 4 | 6 8 9 | 1 5 2
9 5 2 | 3 4 1 | 7 8 6
8 6 1 | 2 7 5 | 9 3 4
---------------------
6 8 9 | 1 3 7 | 2 4 5
5 1 7 | 8 2 4 | 6 9 3
4 2 3 | 9 5 6 | 8 1 7
---------------------
2 7 5 | 4 1 8 | 3 6 9
1 4 6 | 7 9 3 | 5 2 8
3 9 8 | 5 6 2 | 4 7 1
---------------------

--- Lời giải ---
7 3 4 | 6 8 9 | 1 5 2
9 5 2 | 3 4 1 | 7 8 6
8 6 1 | 2 7 5 | 9 3 4
---------------------
6 8 9 | 1 3 7 | 2 4 5
5 1 7 | 8 2 4 | 6 9 3
4 2 3 | 9 5 6 | 8 1 7
---------------------
2 7 5 | 4 1 8 | 3 6 9
1 4 6 | 7 9 3 | 5 2 8
3 9 8 | 5 6 2 | 4 7 1
---------------------
Giải trong 0.000007 giây
========================================
